Time,Bits
5009,708
5014,675
5020,633
5026,678
5032,720
5037,703
5043,673
5049,611
5055,654
5060,703
5066,697
5072,662
5077,594
5083,633
5089,682
5095,693
5100,663
5106,580
5112,613
5118,655
5123,690
5129,659
5135,586
5141,590
5146,631
5152,689
5158,659
5163,597
5169,572
5175,609
5181,659
5186,656
5192,598
5198,553
5204,589
5209,638
5215,658
5221,611
5226,537
5232,575
5238,620
5244,659
5249,617
5255,530
5261,563
5267,605
5272,658
5278,625
5284,552
5289,548
5295,590
5301,642
5307,637
5312,586
5318,542
5324,579
5330,626
5335,651
5341,608
5347,532
5353,572
5358,615
5364,659
5370,626
5376,566
5381,567
5387,611
5393,669
5398,646
5404,605
5410,569
5416,610
5421,669
5427,663
5433,632
5439,570
5444,617
5450,668
5456,678
5461,658
5467,604
5473,615
5479,665
5484,688
5490,671
5496,638
5502,605
5507,654
5513,694
5519,680
5525,657
5530,608
5536,649
5542,695
5547,689
5553,672
5559,639
5565,649
5570,704
5576,699
5582,685
5588,661
5593,652
5599,705
5605,700
5610,688
5616,669
5622,643
5628,691
5633,695
5639,685
5645,674
5651,640
5656,681
5662,694
5668,688
5673,678
5679,653
5685,668
5691,690
5696,685
5702,676
5708,659
5714,656
5719,692
5725,687
5731,680
5736,668
5742,655
5748,696
5754,696
5759,686
5765,675
5771,651
5777,690
5782,691
5788,687
5794,675
5800,653
5805,666
5811,689
5817,680
5822,668
5828,650
5834,646
5840,682
5845,679
5851,669
5857,655
5863,634
5868,685
5874,686
5880,677
5886,663
5891,627
5897,667
5903,690
5908,682
5914,667
5920,631
5926,649
5931,687
5937,678
5943,662
5949,629
5954,624
5960,677
5966,676
5972,661
5977,633
5983,607
5989,652
5995,678
6000,663
6006,637
6012,584
6017,628
6023,676
6029,664
6035,639
6040,569
6046,609
6052,659
6058,662
6063,635
6069,567
6075,594
6080,639
6086,667
6092,634
6098,571
6103,574
6109,617
6115,658
6121,634
6126,577
6132,554
6138,597
6143,648
6149,637
6155,583
6161,545
6166,578
6172,628
6178,641
6184,595
6189,528
6195,565
6201,608
6206,639
6212,595
6218,514
6224,548
6229,594
6235,637
6241,605
6247,514
6252,540
6258,582
6264,636
6270,621
6275,562
6281,529
6287,573
6292,620
6298,633
6304,587
6310,523
6315,561
6321,608
6327,648
6333,615
6338,537
6344,553
6350,596
6356,650
6361,630
6367,581
6373,548
6379,594
6384,648
6390,653
6396,620
6401,554
6407,596
6413,648
6419,674
6424,648
6430,588
6436,602
6442,648
6447,682
6453,663
6459,623
6465,595
6470,642
6476,688
6482,680
6487,656
6493,597
6499,637
6505,693
6510,689
6516,667
6522,628
6528,628
6533,683
6539,691
6545,682
6551,654
6556,630
6562,680
6568,703
6573,692
6579,677
6585,639
6591,689
6596,715
6602,709
6608,691
6614,661
6619,683
6625,712
6631,703
6636,692
6642,668
6648,669
6654,707
6659,703
6665,700
6671,686
6677,670
6682,720
6688,721
6694,718
6699,706
6705,675
6711,733
6717,737
6722,729
6728,720
6734,693
6740,725
6745,731
6751,726
6757,717
6762,697
6768,699
6774,732
6780,729
6785,721
6791,708
6797,690
6803,733
6808,733
6814,726
6820,714
6826,685
6831,724
6837,733
6843,727
6849,714
6854,686
6860,699
6866,730
6871,722
6877,710
6883,687
6889,677
6894,725
6900,721
6906,712
6912,693
6917,661
6923,709
6929,723
6935,714
6940,690
6946,644
6952,686
6957,719
6963,707
6969,685
6975,635
6980,654
6986,705
6992,699
6998,678
7003,641
7009,627
7015,672
7021,698
7026,680
7032,641
7038,608
7043,655
7049,696
7055,677
7061,640
7066,594
7072,632
7078,685
7084,674
7089,633
7095,572
7101,612
7106,658
7112,673
7118,636
7124,558
7129,594
7135,640
7141,677
7147,645
7152,569
7158,580
7164,624
7170,681
7175,650
7181,584
7187,564
7192,603
7198,655
7204,650
7210,593
7215,550
7221,590
7227,639
7233,656
7238,604
7244,543
7250,581
7255,629
7261,664
7267,626
7273,534
7278,572
7284,614
7290,674
7296,644
7301,569
7307,562
7313,603
7319,654
7324,656
7330,610
7336,554
7341,594
7347,643
7353,670
7359,632
7364,546
7370,585
7376,632
7382,672
7387,646
7393,589
7399,576
7405,625
7410,680
7416,660
7422,618
7427,578
7433,622
7439,676
7445,677
7450,651
7456,579
7462,623
7468,676
7473,690
7479,673
7485,632
7491,618
7496,663
7502,703
7508,689
7514,664
7519,617
7525,661
7531,706
7536,696
7542,679
7548,634
7554,659
7559,709
7565,702
7571,685
7577,660
7582,655
7588,714
7594,705
7599,696
7605,681
7611,655
7617,708
7622,715
7628,709
7634,696
7640,664
7645,706
7651,723
7657,717
7662,708
7668,682
7674,703
7680,726
7685,726
7691,715
7697,699
7703,700
7708,738
7714,735
7720,729
7725,716
7731,699
7737,740
7743,739
7748,731
7754,721
7760,692
7766,734
7771,737
7777,732
7783,722
7789,699
7794,715
7800,735
7806,730
7811,723
7817,704
7823,694
7829,736
7834,734
7840,725
7846,711
7852,682
7857,732
7863,738
7869,732
7875,718
7880,688
7886,718
7892,744
7898,737
7903,723
7909,693
7915,698
7920,741
7926,737
7932,723
7938,696
7943,680
7949,731
7955,739
7961,724
7966,700
7972,662
7978,708
7984,740
7989,726
7995,703
8001,641
8006,682
8012,736
8018,724
8024,705
8029,639
8035,658
8041,708
8047,721
8052,697
8058,642
8064,636
8069,687
8075,717
8081,693
8087,637
8092,619
8098,661
8104,710
8110,687
8115,638
8121,596
8127,639
8133,689
8138,689
8144,643
8150,579
8155,621
8161,668
8167,690
8173,648
8178,567
8184,604
8190,650
8196,690
8201,655
8207,564
8213,589
8218,633
8224,694
8230,661
8236,586
8241,578
8247,623
8253,677
8259,673
8264,618
8270,570
8276,607
8282,656
8287,684
8293,642
8299,558
8304,595
8310,642
8316,692
8322,662
8327,584
8333,586
8339,631
8345,688
8350,676
8356,620
8362,576
8368,620
8373,672
8379,683
8385,644
8390,571
8396,613
8402,664
8408,690
8413,664
8419,606
8425,615
8431,667
8436,708
8442,686
8448,645
8454,618
8459,666
8465,716
8471,703
8476,678
8482,619
8488,663
8494,719
8499,713
8505,693
8511,652
8517,653
8522,703
8528,719
8534,703
8540,675
8545,649
8551,697
8557,721
8562,713
8568,690
8574,649
8580,696
8585,726
8591,719
8597,705
8603,676
8608,692
8614,735
8620,729
8625,720
8631,699
8637,692
8643,737
8648,736
8654,729
8660,712
8666,688
8671,739
8677,737
8683,731
8689,719
8694,694
8700,728
8706,741
8711,735
8717,725
8723,703
8729,719
8734,741
8740,737
8746,728
8752,713
8757,705
8763,741
8769,736
8774,733
8780,719
8786,690
8792,741
8797,738
8803,732
8809,720
8815,693
8820,718
8826,736
8832,730
8838,719
8843,698
8849,693
8855,732
8861,725
8866,716
8872,697
8878,674
8883,723
8889,724
8895,717
8901,699
8906,658
8912,701
8918,728
8924,719
8929,700
8935,662
8941,684
8947,724
8952,720
8958,701
8964,664
8969,663
8975,713
8981,717
8987,702
8992,669
8998,638
9004,684
9010,716
9015,700
9021,671
9027,617
9033,660
9038,712
9044,697
9050,666
9055,599
9061,639
9067,690
9073,690
9078,663
9084,582
9090,619
9096,665
9101,688
9107,659
9113,585
9118,599
9124,646
9130,685
9136,661
9141,591
9147,582
9153,623
9159,679
9164,661
9170,603
9176,566
9181,600
9187,652
9193,660
9199,611
9204,548
9210,591
9216,638
9222,667
9227,622
9233,542
9239,584
9244,625
9250,670
9256,633
9262,540
9267,569
9273,610
9279,663
9285,643
9290,576
9296,554
9302,594
9308,644
9313,653
9319,605
9325,544
9331,583
9336,636
9342,665
9348,632
9353,544
9359,586
9365,633
9371,680
9376,657
9382,602
9388,583
9394,629
9399,684
9405,672
9411,633
9417,577
9422,621
9428,677
9434,680
9439,652
9445,587
9451,624
9457,670
9462,692
9468,672
9474,634
9480,613
9485,665
9491,703
9497,687
9503,666
9508,612
9514,656
9520,707
9525,698
9531,678
9537,640
9543,654
9548,711
9554,704
9560,694
9566,665
9571,654
9577,710
9583,714
9588,704
9594,688
9600,655
9606,705
9611,721
9617,718
9623,700
9629,668
9634,700
9640,726
9646,717
9652,705
9657,684
9663,687
9669,723
9674,719
9680,709
9686,695
9692,677
9697,722
9703,723
9709,717
9715,706
9720,674
9726,728
9732,725
9737,718
9743,710
9749,686
9755,712
9760,725
9766,719
9772,712
9778,692
9783,694
9789,726
9795,719
9801,712
9806,695
9812,677
9818,721
9824,718
9829,709
9835,697
9841,667
9846,698
9852,715
9858,709
9864,696
9869,674
9875,684
9881,717
9887,713
9892,705
9898,680
9904,667
9910,721
9915,716
9921,705
9927,682
9932,651
9938,698
9944,716
9950,704
9955,680
9961,630
9967,674
9973,710
9978,699
9984,677
9990,632
9996,643
10001,692
10007,700
10013,685
10019,658
10024,601
10030,635
10036,676
10042,689
10048,673
10053,637
10059,587
10065,618
10071,661
10076,683
10082,661
10088,624
10094,571
10100,607
10105,644
10111,677
10117,657
10123,608
10128,563
10134,594
10140,636
10146,672
10152,651
10157,601
10163,554
10169,586
10175,624
10181,675
10186,646
10192,597
10198,542
10204,571
10209,611
10215,657
10221,638
10227,586
10233,534
10238,566
10244,604
10250,655
10256,638
10262,592
10267,532
10273,566
10279,603
10285,652
10290,652
10296,608
10302,538
10308,571
10314,608
10319,654
10325,661
10331,627
10337,546
10343,574
10348,612
10354,659
10360,670
10366,640
10371,571
10377,580
10383,621
10389,667
10395,681
10400,661
10406,611
10412,589
10418,631
10424,680
10429,693
10435,675
10441,636
10447,602
10452,644
10458,691
10464,701
10470,687
10476,657
10481,615
10487,657
10493,702
10499,714
10505,703
10510,686
10516,643
10522,660
10528,706
10533,723
10539,710
10545,695
10551,656
10557,666
10562,713
10568,722
10574,713
10580,701
10585,671
10591,679
10597,729
10603,733
10609,727
10614,717
10620,694
10626,693
10632,740
10638,741
10643,738
10649,724
10655,706
10661,694
10666,742
10672,740
10678,733
10684,725
10690,707
10695,693
10701,741
10707,737
10713,734
10718,727
10724,712
10730,697
10736,745
10742,743
10747,738
10753,732
10759,718
10765,697
10771,742
10776,744
10782,740
10788,732
10794,721
10799,690
10805,729
10811,743
10817,738
10823,730
10828,718
10834,693
10840,715
10846,742
10852,740
10857,733
10863,720
10869,697
10875,702
10881,739
10886,736
10892,730
10898,713
10904,682
10909,688
10915,733
10921,729
10927,719
10933,703
10938,666
10944,673
10950,718
10956,724
10962,715
10967,698
10973,657
10979,663
10985,703
10990,725
10996,712
11002,693
11008,651
11014,643
11019,685
11025,718
11031,707
11037,682
11043,629
11048,633
11054,673
11060,712
11066,699
11071,671
11077,611
11083,620
11089,657
11095,705
11100,688
11106,657
11112,579
11118,605
11123,640
11129,692
11135,682
11141,650
11147,567
11152,597
11158,638
11164,684
11170,686
11176,649
11181,561
11187,596
11193,628
11199,676
11204,677
11210,635
11216,551
11222,580
11228,617
11233,662
11239,667
11245,625
11251,544
11256,570
11262,609
11268,651
11274,666
11280,632
11285,552
11291,567
11297,605
11303,650
11309,674
11314,642
11320,574
11326,573
11332,613
11337,657
11343,684
11349,657
11355,604
11361,577
11366,612
11372,651
11378,688
11384,668
11390,624
11395,574
11401,612
11407,653
11413,693
11418,677
11424,645
11430,581
11436,621
11442,663
11447,700
11453,688
11459,661
11465,601
11471,631
11476,674
11482,709
11488,698
11494,681
11500,641
11505,633
11511,677
11517,716
11523,707
11528,690
11534,662
11540,641
11546,687
11552,718
11557,713
11563,696
11569,675
11575,651
11580,696
11586,720
11592,714
11598,704
11604,688
11609,663
11615,707
11621,729
11627,725
11632,716
11638,703
11644,674
11650,721
11656,736
11661,732
11667,726
11673,708
11679,678
11685,714
11690,725
11696,719
11702,709
11708,692
11713,666
11719,695
11725,707
11731,703
11737,698
11742,684
11748,661
11754,694
11760,710
11765,705
11771,701
11777,694
11783,674
11789,690
11794,717
11800,718
11806,711
11812,704
11818,685
11823,690
11829,725
11835,722
11841,715
11847,706
11852,687
11858,681
11864,728
11870,723
11875,715
11881,704
11887,684
11893,673
11899,717
11904,722
11910,719
11916,705
11922,679
11928,662
11933,703
11939,720
11945,711
11951,698
11956,669
11962,643
11968,684
11974,715
11980,707
11985,690
11991,662
11997,631
12003,668
12009,713
12014,702
12020,683
12026,648
12032,615
12037,653
12043,699
12049,693
12055,672
12061,631
12066,600
12072,639
12078,683
12084,688
12089,662
12095,612
12101,593
12107,631
12113,677
12118,687
12124,661
12130,600
12136,591
12142,625
12147,664
12153,686
12159,656
12165,591
12170,581
12176,613
12182,658
12188,678
12194,645
12199,569
12205,571
12211,602
12217,647
12222,671
12228,637
12234,564
12240,563
12246,599
12251,642
12257,676
12263,647
12269,583
12275,561
12280,594
12286,635
12292,679
12298,652
12303,597
12309,558
12315,593
12321,634
12327,682
12332,660
12338,617
12344,559
12350,592
12356,633
12361,686
12367,671
12373,634
12379,559
12385,594
12390,631
12396,682
12402,681
12408,654
12413,601
12419,599
12425,642
12431,694
12437,695
12442,678
12448,630
12454,620
12460,662
12466,713
12471,710
12477,691
12483,654
12489,623
12494,662
12500,706
12506,709
12512,695
12518,670
12523,621
12529,656
12535,704
12541,708
12547,700
12552,681
12558,645
12564,666
12570,719
12575,715
12581,707
12587,694
12593,665
12599,681
12604,728
12610,726
12616,719
12622,710
12628,687
12633,688
12639,737
12645,733
12651,724
12656,713
12662,693
12668,687
12674,727
12680,725
12685,719
12691,711
12697,693
12703,685
12708,729
12714,730
12720,724
12726,718
12732,705
12737,693
12743,735
12749,737
12755,730
12761,722
12766,707
12772,690
12778,735
12784,732
12789,726
12795,720
12801,707
12807,673
12813,720
12818,731
12824,727
12830,716
12836,702
12842,676
12847,706
12853,728
12859,724
12865,718
12870,704
12876,672
12882,697
12888,728
12894,723
12899,715
12905,699
12911,660
12917,682
12923,724
12928,719
12934,709
12940,692
12946,652
12951,670
12957,713
12963,715
12969,702
12975,680
12980,635
12986,653
12992,692
12998,708
13004,696
13009,674
13015,624
13021,636
13027,676
13032,705
13038,691
13044,664
13050,599
13056,621
13061,666
13067,700
13073,680
13079,646
13085,582
13090,610
13096,652
13102,689
13108,669
13113,626
13119,569
13125,596
13131,635
13137,680
13142,659
13148,617
13154,554
13160,586
13165,624
13171,673
13177,657
13183,617
13189,547
13194,581
13200,618
13206,666
13212,651
13217,605
13223,544
13229,575
13235,612
13241,661
13246,651
13252,608
13258,541
13264,570
13270,609
13275,655
13281,656
13287,616
13293,541
13298,570
13304,606
13310,651
13316,660
13322,622
13327,544
13333,563
13339,600
13345,644
13351,664
13356,635
13362,580
13368,564
13374,601
13380,648
13385,675
13391,652
13397,613
13403,577
13408,615
13414,658
13420,694
13426,671
13432,639
13437,587
13443,626
13449,671
13455,695
13461,678
13466,652
13472,588
13478,627
13484,669
13489,697
13495,688
13501,671
13507,633
13513,632
13518,674
13524,709
13530,699
13536,687
13542,656
13547,639
13553,686
13559,716
13565,707
13570,694
13576,673
13582,650
13588,698
13594,719
13599,715
13605,703
13611,686
13617,659
13622,704
13628,724
13634,721
13640,712
13646,697
13651,671
13657,713
13663,729
13669,724
13675,717
13680,705
13686,678
13692,713
13698,729
13703,726
13709,717
13715,710
13721,682
13727,712
13732,730
13738,725
13744,721
13750,708
13755,685
13761,713
13767,729
13773,725
13779,719
13784,709
13790,688
13796,702
13802,731
13808,731
13813,725
13819,716
13825,698
13831,698
13837,740
13842,740
13848,734
13854,727
13860,708
13865,695
13871,742
13877,740
13883,730
13889,718
13894,693
13900,677
13906,717
13912,726
13918,718
13923,704
13929,680
13935,662
13941,703
13946,725
13952,717
13958,706
13964,680
13970,654
13975,694
13981,728
13987,721
13993,707
13999,676
14004,639
14010,674
14016,720
14022,715
14028,699
14033,660
14039,621
14045,654
14051,699
14056,704
14062,684
14068,644
14074,604
14080,636
14085,683
14091,697
14097,675
14103,630
14108,593
14114,631
14120,675
14126,700
14132,673
14137,622
14143,590
14149,625
14155,666
14161,697
14166,667
14172,611
14178,577
14184,612
14189,651
14195,685
14201,655
14207,591
14213,563
14218,598
14224,638
14230,673
14236,646
14241,585
14247,556
14253,592
14259,631
14265,682
14270,658
14276,607
14282,560
14288,593
14294,631
14299,679
14305,666
14311,621
14317,555
14323,585
14328,626
14334,672
14340,669
14346,635
14351,558
14357,589
14363,629
14369,678
14375,686
14380,658
14386,597
14392,598
14398,639
14404,685
14409,702
14415,679
14421,637
14427,605
14432,647
14438,696
14444,708
14450,690
14456,654
14461,616
14467,660
14473,704
14479,717
14485,703
14490,679
14496,626
14502,666
14508,708
14513,729
14519,719
14525,698
14531,656
14537,670
14542,715
14548,731
14554,722
14560,707
14566,677
14571,675
14577,725
14583,733
14589,726
14594,711
14600,686
14606,682
14612,733
14618,733
14623,728
14629,716
14635,698
14641,686
14646,734
14652,736
14658,728
14664,718
14670,701
14675,689
14681,736
14687,734
14693,726
14698,720
14704,706
14710,689
14716,741
14722,735
14727,731
14733,726
14739,711
14745,695
14751,740
14756,737
14762,735
14768,728
14774,712
14779,687
14785,731
14791,733
14797,729
14803,722
14808,709
14814,679
14820,715
14826,731
14832,727
14837,719
14843,710
14849,683
14855,698
14861,731
14866,726
14872,719
14878,705
14884,678
14889,686
14895,726
14901,724
14907,716
14913,702
14918,671
14924,675
14930,722
14936,721
14942,714
14947,696
14953,661
14959,667
14965,709
14970,725
14976,711
14982,695
14988,657
14994,652
14999,690
15005,723
15011,709
15017,689
15023,642
15028,635
15034,672
15040,709
15046,696
15051,671
15057,614
15063,616
15069,654
15075,703
15080,687
15086,658
15092,593
15098,604
15104,644
15109,692
15115,681
15121,648
15127,565
15132,594
15138,633
15144,678
15150,674
15156,637
15161,553
15167,582
15173,616
15179,659
15184,668
15190,632
15196,546
15202,570
15208,603
15213,647
15219,664
15225,625
15231,534
15237,564
15242,600
15248,643
15254,662
15260,628
15265,555
15271,558
15277,592
15283,630
15289,665
15294,636
15300,572
15306,549
15312,585
15318,627
15323,664
15329,643
15335,595
15341,550
15347,583
15352,624
15358,677
15364,656
15370,617
15375,557
15381,590
15387,632
15393,682
15399,667
15404,639
15410,576
15416,595
15422,636
15428,688
15433,679
15439,658
15445,612
15451,606
15456,647
15462,704
15468,694
15474,678
15480,642
15485,627
15491,670
15497,724
15503,719
15509,706
15514,680
15520,645
15526,687
15532,742
15537,733
15543,722
15549,703
15555,658
15561,700
15566,740
15572,734
15578,723
15584,708
15589,660
15595,701
15601,739
15607,732
15613,724
15618,709
15624,679
15630,705
15636,739
15642,734
15647,728
15653,715
15659,691
15665,705
15670,737
15676,735
15682,724
15688,714
15694,691
15699,704
15705,733
15711,728
15717,724
15722,715
15728,701
15734,713
15740,741
15746,743
15751,740
15757,734
15763,718
15769,717
15775,752
15780,749
15786,746
15792,739
15798,720
15803,706
15809,747
15815,747
15821,739
15827,731
15832,714
15838,694
15844,740
15850,742
15856,739
15861,733
15867,718
15873,687
15879,725
15885,746
15890,742
15896,733
15902,714
15908,672
15913,711
15919,744
15925,739
15931,727
15937,706
15942,662
15948,700
15954,737
15960,732
15966,722
15971,697
15977,647
15983,681
15989,727
15994,730
16000,714
16006,689
16012,632
16018,664
16023,705
16029,725
16035,708
16041,680
16047,619
16052,655
16058,696
16064,719
16070,700
16075,664
16081,610
16087,646
16093,687
16099,715
16104,695
16110,654
16116,599
16122,632
16127,671
16133,706
16139,680
16145,629
16151,583
16156,613
16162,652
16168,690
16174,669
16179,613
16185,567
16191,601
16197,638
16203,687
16208,662
16214,607
16220,565
16226,600
16231,643
16237,692
16243,667
16249,610
16255,566
16260,603
16266,642
16272,690
16278,674
16284,628
16289,560
16295,594
16301,630
16307,676
16313,680
16318,641
16324,558
16330,592
16336,633
16341,677
16347,689
16353,662
16359,592
16365,600
16370,639
16376,685
16382,702
16388,677
16394,627
16399,606
16405,641
16411,687
16417,710
16423,691
16428,652
16434,611
16440,645
16446,692
16451,714
16457,697
16463,667
16469,612
16475,653
16480,695
16486,717
16492,704
16498,681
16504,635
16509,656
16515,700
16521,724
16527,713
16532,698
16538,663
16544,659
16550,706
16556,726
16561,717
16567,707
16573,677
16579,671
16584,715
16590,729
16596,719
16602,710
16608,686
16613,673
16619,718
16625,726
16631,722
16637,714
16642,696
16648,677
16654,725
16660,731
16665,727
16671,719
16677,703
16683,682
16689,729
16694,732
16700,729
16706,720
16712,706
16717,686
16723,731
16729,736
16735,732
16741,727
16746,714
16752,686
16758,730
16764,738
16770,733
16775,727
16781,715
16787,689
16793,724
16798,735
16804,731
16810,725
16816,715
16822,686
16827,712
16833,735
16839,735
16845,728
16851,718
16856,694
16862,701
16868,740
16874,738
16880,731
16885,719
16891,697
16897,689
16903,736
16908,737
16914,727
16920,715
16926,685
16932,678
16937,721
16943,732
16949,724
16955,706
16961,675
16966,666
16972,707
16978,732
16984,722
16989,705
16995,674
17001,648
17007,685
17013,732
17018,721
17024,702
17030,665
17036,630
17042,669
17047,716
17053,712
17059,689
17065,645
17070,623
17076,661
17082,707
17088,710
17094,688
17099,638
17105,616
17111,654
17117,696
17123,709
17128,686
17134,624
17140,606
17146,642
17151,686
17157,709
17163,681
17169,614
17175,602
17180,635
17186,681
17192,711
17198,681
17203,615
17209,596
17215,629
17221,672
17227,704
17232,675
17238,603
17244,586
17250,622
17256,662
17261,704
17267,676
17273,615
17279,584
17284,621
17290,662
17296,715
17302,688
17308,641
17313,586
17319,620
17325,660
17331,709
17337,703
17342,670
17348,590
17354,624
17360,665
17366,715
17371,722
17377,691
17383,621
17389,635
17394,673
17400,721
17406,731
17412,705
17418,653
17423,639
17429,679
17435,728
17441,735
17447,715
17452,677
17458,644
17464,681
17470,730
17476,740
17481,726
17487,702
17493,648
17499,686
17504,732
17510,748
17516,740
17522,720
17528,680
17533,696
17539,744
17545,759
17551,749
17557,736
17562,707
17568,706
17574,755
17580,761
17585,755
17591,742
17597,717
17603,711
17609,756
17614,764
17620,758
17626,747
17632,729
17637,718
17643,768
17649,768
17655,762
17661,756
17666,740
17672,723
17678,769
17684,770
17689,764
17695,759
17701,743
17707,726
17713,773
17718,771
17724,767
17730,760
17736,747
17742,729
17747,775
17753,774
17759,769
17765,762
17770,752
17776,725
17782,766
17788,777
17794,771
17799,767
17805,756
17811,731
17817,754
17823,774
17828,770
17834,764
17840,752
17846,726
17852,740
17857,771
17863,767
17869,760
17875,748
17880,717
17886,727
17892,768
17898,764
17904,756
17909,742
17915,713
17921,711
17927,754
17933,759
17938,750
17944,733
17950,700
17956,698
17961,738
17967,756
17973,746
17979,726
17985,688
17990,684
17996,725
18002,751
18008,743
18014,724
18019,680
18025,667
18031,706
18037,747
18042,740
18048,717
18054,667
18060,654
18066,692
18071,740
18077,732
18083,704
18089,644
18095,643
18100,682
18106,726
18112,721
18118,690
18123,618
18129,630
18135,664
18141,707
18147,713
18152,678
18158,601
18164,615
18170,652
18175,697
18181,705
18187,672
18193,578
18199,607
18204,643
18210,688
18216,702
18222,668
18227,571
18233,596
18239,631
18245,674
18251,696
18256,660
18262,582
18268,588
18274,623
18280,665
18285,699
18291,666
18297,597
18303,586
18308,623
18314,663
18320,698
18326,677
18332,626
18337,588
18343,622
18349,664
18355,709
18361,691
18366,652
18372,589
18378,624
18384,666
18390,718
18395,703
18401,674
18407,601
18413,633
18419,672
18424,729
18430,713
18436,690
18442,634
18447,639
18453,681
18459,733
18465,720
18471,703
18476,668
18482,642
18488,681
18494,729
18500,729
18505,714
18511,692
18517,648
18523,683
18528,732
18534,737
18540,727
18546,709
18552,665
18557,696
18563,748
18569,745
18575,735
18581,718
18586,687
18592,705
18598,749
18604,749
18609,741
18615,731
18621,706
18627,712
18633,752
18638,750
18644,744
18650,735
18656,711
18661,717
18667,753
18673,753
18679,747
18685,737
18690,719
18696,713
18702,753
18708,751
18714,747
18719,742
18725,723
18731,714
18737,754
18742,755
18748,748
18754,743
18760,727
18766,713
18771,755
18777,755
18783,752
18789,742
18795,728
18800,705
18806,748
18812,754
18818,749
18823,740
18829,727
18835,697
18841,731
18847,751
18852,746
18858,739
18864,724
18870,696
18876,716
18881,748
18887,745
18893,735
18899,720
18905,686
18910,704
18916,743
18922,739
18928,732
18933,717
18939,678
18945,694
18951,739
18957,739
18962,728
18968,712
18974,672
18980,675
18986,713
18991,735
18997,722
19003,705
19009,664
19015,650
19020,691
19026,729
19032,719
19038,696
19043,647
19049,640
19055,678
19061,728
19067,713
19072,686
19078,629
19084,625
19090,662
19095,707
19101,704
19107,677
19113,616
19119,609
19124,645
19130,687
19136,701
19142,668
19148,600
19153,599
19159,636
19165,675
19171,692
19176,658
19182,590
19188,584
19194,617
19200,659
19205,686
19211,654
19217,584
19223,576
19229,616
19234,657
19240,689
19246,658
19252,588
19257,582
19263,616
19269,660
19275,696
19281,668
19286,604
19292,576
19298,607
19304,652
19310,698
19315,677
19321,625
19327,569
19333,603
19338,644
19344,694
19350,682
19356,645
19362,574
19367,608
19373,652
19379,701
19385,695
19391,667
19396,603
19402,619
19408,659
19414,709
19420,708
19425,683
19431,636
19437,625
19443,662
19448,710
19454,713
19460,694
19466,658
19472,630
19477,670
19483,716
19489,722
19495,712
19501,687
19506,639
19512,678
19518,731
19524,736
19529,724
19535,702
19541,656
19547,689
19553,737
19558,739
19564,729
19570,712
19576,679
19582,692
19587,743
19593,741
19599,731
19605,718
19610,693
19616,701
19622,745
19628,744
19634,742
19639,731
19645,712
19651,712
19657,752
19662,754
19668,750
19674,742
19680,724
19686,713
19691,753
19697,754
19703,749
19709,738
19714,724
19720,711
19726,752
19732,751
19738,746
19743,739
19749,724
19755,710
19761,754
19767,754
19772,748
19778,744
19784,732
19790,702
19796,749
19801,757
19807,753
19813,747
19819,737
19824,710
19830,735
19836,756
19842,752
19848,742
19853,730
19859,700
19865,720
19871,749
19877,745
19882,738
19888,723
19894,695
19900,702
19906,744
19911,743
19917,735
19923,718
19929,688
19934,692
19940,734
19946,741
19952,732
19958,716
19963,679
19969,681
19975,723
19981,738
19987,728
19992,709
19998,669
20004,662
20010,700
20015,734
20021,720
20027,701
20033,653
20039,644
20044,680
20050,725
20056,712
20062,689
20068,637
20073,630
20079,669
20085,718
20091,710
20096,682
20102,614
20108,623
20114,660
20120,705
20125,705
20131,669
20137,597
20143,605
20148,643
20154,685
20160,695
20166,660
20172,582
20177,598
20183,634
20189,680
20195,695
20200,660
20206,570
20212,595
20218,635
20224,678
20229,696
20235,661
20241,578
20247,592
20253,628
20258,672
20264,701
20270,667
20276,595
20281,587
20287,623
20293,667
20299,704
20305,676
20310,615
20316,591
20322,626
20328,668
20334,710
20339,690
20345,648
20351,592
20357,626
20363,667
20368,719
20374,704
20380,672
20386,597
20392,625
20397,667
20403,718
20409,713
20415,685
20420,631
20426,631
20432,670
20438,717
20444,717
20449,696
20455,657
20461,636
20467,676
20473,724
20478,726
20484,711
20490,686
20496,643
20502,680
20507,727
20513,738
20519,728
20525,710
20530,663
20536,688
20542,734
20548,743
20554,732
20559,717
20565,676
20571,695
20577,745
20582,742
20588,733
20594,719
20600,693
20606,698
20611,748
20617,744
20623,737
20629,726
20635,707
20640,704
20646,748
20652,747
20658,741
20663,733
20669,717
20675,706
20681,751
20687,748
20692,742
20698,733
20704,719
20710,706
20715,746
20721,745
20727,741
20733,733
20739,720
20744,703
20750,753
20756,748
20762,745
20768,739
20773,725
20779,705
20785,747
20791,749
20796,745
20802,740
20808,724
20814,693
20820,728
20825,744
20831,739
20837,731
20843,718
20849,691
20854,711
20860,743
20866,738
20872,733
20878,719
20883,692
20889,700
20895,742
20901,738
20906,730
20912,716
20918,687
20924,688
20930,735
20935,732
20941,723
20947,705
20953,673
20959,673
20964,714
20970,733
20976,722
20982,703
20988,667
20993,658
20999,698
21005,731
21011,720
21016,699
21022,660
21028,641
21034,679
21040,722
21045,711
21051,688
21057,638
21063,630
21068,667
21074,715
21080,703
21086,678
21092,620
21097,616
21103,654
21109,702
21115,702
21121,674
21126,608
21132,605
21138,646
21144,688
21149,696
21155,660
21161,586
21167,595
21173,629
21178,672
21184,692
21190,656
21196,580
21202,584
21207,618
21213,659
21219,685
21225,653
21230,571
21236,581
21242,617
21248,661
21254,691
21259,660
21265,589
21271,582
21277,615
21282,660
21288,693
21294,667
21300,608
21306,575
21311,607
21317,648
21323,693
21329,673
21335,629
21340,568
21346,603
21352,646
21358,696
21364,679
21369,645
21375,575
21381,608
21387,654
21392,705
21398,691
21404,662
21410,596
21416,616
21421,657
21427,709
21433,698
21439,675
21445,630
21450,622
21456,661
21462,711
21468,707
21473,690
21479,658
21485,630
21491,668
21497,716
21502,717
21508,704
21514,681
21520,638
21526,678
21531,726
21537,724
21543,713
21549,692
21554,648
21560,684
21566,729
21572,723
21578,718
21583,700
21589,662
21595,692
21601,732
21606,728
21612,721
21618,709
21624,682
21630,699
21635,736
21641,734
21647,729
21653,718
21659,697
21664,702
21670,740
21676,739
21682,730
21687,724
21693,704
21699,710
21705,742
21711,742
21716,734
21722,725
21728,712
21734,712
21739,746
21745,743
21751,738
21757,733
21763,716
21768,703
21774,743
21780,744
21786,740
21792,730
21797,716
21803,696
21809,738
21815,740
21821,737
21826,729
21832,714
21838,688
21844,727
21849,740
21855,735
21861,728
21867,714
21873,679
21878,716
21884,742
21890,736
21896,726
21902,709
21907,674
21913,701
21919,736
21925,729
21930,717
21936,699
21942,652
21948,687
21954,728
21959,722
21965,709
21971,688
21977,637
21983,670
21988,710
21994,718
22000,705
22006,682
22012,633
22017,648
22023,687
22029,714
22035,701
22040,673
22046,616
22052,635
22058,674
22064,709
22069,695
22075,664
22081,590
22087,622
22092,661
22098,702
22104,687
22110,651
22116,577
22121,610
22127,645
22133,692
22139,680
22145,640
22150,565
22156,594
22162,633
22168,681
22173,676
22179,637
22185,558
22191,590
22197,627
22202,673
22208,673
22214,627
22220,555
22225,582
22231,620
22237,669
22243,667
22249,622
22254,548
22260,580
22266,617
22272,659
22278,667
22283,632
22289,545
22295,573
22301,610
22306,652
22312,677
22318,647
22324,580
22330,571
22335,609
22341,650
22347,681
22353,655
22359,606
22364,572
22370,606
22376,647
22382,688
22388,667
22393,629
22399,575
22405,612
22411,654
22416,696
22422,680
22428,650
22434,590
22440,623
22445,669
22451,706
22457,692
22463,669
22469,619
22474,631
22480,675
22486,712
22492,700
22497,683
22503,651
22509,634
22515,674
22521,716
22526,711
22532,695
22538,673
22544,646
22550,693
22555,729
22561,721
22567,711
22573,689
22578,662
22584,702
22590,730
22596,724
22602,715
22607,700
22613,668
22619,712
22625,733
22630,728
22636,719
22642,705
22648,675
22654,714
22659,735
22665,731
22671,725
22677,714
22683,688
22688,720
22694,739
22700,735
22706,730
22711,719
22717,698
22723,726
22729,744
22735,741
22740,733
22746,725
22752,702
22758,721
22763,739
22769,738
22775,730
22781,720
22787,705
22792,707
22798,736
22804,737
22810,729
22816,720
22821,701
22827,700
22833,739
22839,737
22845,735
22850,725
22856,703
22862,694
22868,739
22873,740
22879,731
22885,721
22891,702
22897,679
22902,720
22908,733
22914,726
22920,714
22926,692
22931,661
22937,703
22943,728
22949,720
22954,707
22960,681
22966,648
22972,688
22978,725
22983,715
22989,700
22995,672
23001,631
23007,663
23012,709
23018,710
23024,694
23030,663
23036,615
23041,651
23047,693
23053,706
23059,685
23064,648
23070,603
23076,638
23082,681
23088,697
23093,675